nMass = 2.000000
Position = (1.000000, 1.000000, 1.000000)
Velocity = (4.000000, 4.000000, 4.000000)
Mass = 4.000000
Position = (2.000000, 1.000000, 1.000000)
Velocity = (1.000000, 4.000000, 4.000000)
Mass = 2.000000
Position = (1.000000, 1.000000, 1.000000)
Velocity = (4.000000, 4.000000, 4.000000)
Mass = 4.000000
Position = (2.000000, 1.000000, 1.000000)
Velocity = (1.000000, 4.000000, 4.000000)
